Labo-07, 1, 2, 16
Labo-07, 2, 14, 19
Labo-07, 3, 4, 8
Labo-07, 4, 6, 12
Labo-07, 5, 13, 18
Labo-07, 6, 9, 17
Labo-07, 7, 5, 10
Labo-07, 8, 3, 7
Labo-07, 4, 11, 14
Labo-08, 1, 4, 6
Labo-08, 2, 2, 12
Labo-08, 3, 8, 13
Labo-08, 4, 9, 14
Labo-08, 5, 5, 18
Labo-08, 6, 3, 17
Labo-08, 7, 10, 11
Labo-08, 8, 7, 16
Labo-08, 8, 14, 19
Labo-09, 1, 6, 18
Labo-09, 2, 2, 9
Labo-09, 3, 8, 12
Labo-09, 4, 14, 16
Labo-09, 5, 4, 5
Labo-09, 6, 13, 17
Labo-09, 7, 3, 10
Labo-09, 8, 11, 19
Labo-09, 9, 7, 14
Labo-10, 1, 8, 10
Labo-10, 2, 6, 7
Labo-10, 3, 16, 17
Labo-10, 4, 9, 19
Labo-10, 5, 3, 13
Labo-10, 6, 11, 18
Labo-10, 7, 2, 5
Labo-10, 8, 4, 14
Labo-10, 9, 12
