Labo-07, 1, 1, 16
Labo-07, 2, 2, 13
Labo-07, 3, 3, 18
Labo-07, 4, 4,  8
Labo-07, 5, 5,  6
Labo-07, 6, 5, 12
Labo-07, 7, 5, 11
Labo-07, 8, 7, 17
Labo-07, 9, 9, 14
Labo-07, 10, 10, 15
Labo-08, 1, 1, 13
Labo-08, 2, 2, 6
Labo-08, 3, 3, 18
Labo-08, 4, 4, 11
Labo-08, 5, 5, 8
Labo-08, 6, 16, 16
Labo-08, 7, 7, 12
Labo-08, 8, 5, 17
Labo-08, 9, 9, 10
Labo-08, 10, 14, 15
Labo-09, 1, 2, 11
Labo-09, 2, 10, 18
Labo-09, 3, 3, 4
Labo-09, 4, 5, 12
Labo-09, 5, 13, 16
Labo-09, 6, 7, 8
Labo-09, 7, 1, 14
Labo-09, 8, 9, 17
Labo-09, 9, 6, 15
Labo-10, 1, 10, 11
Labo-10, 2, 3, 14
Labo-10, 3, 5, 9
Labo-10, 4, 4, 13
Labo-10, 5, 2, 18
Labo-10, 6, 16, 7
Labo-10, 7, 1, 6
Labo-10, 8, 12, 17
Labo-10, 9, 8, 15
